	255,255,255,255,255,255,255,255,255,255,255,255,255,255,255,255,255,255,255,255,255,255,255,234,168,168,255,255,255,255,255,168,234,255,255,255,255,255,255,255,255,255,255,255,255,255,255,234,168,255,255,255,255,255,255,255,255,255,255,255,255,255,255,255,255,255,255,255,255,255,255,255,255,255,255,255,255,255,255,255,
	255,255,255,255,255,255,255,255,255,255,255,255,255,255,255,255,255,255,255,255,255,255,234,168,255,255,255,255,255,255,147,168,255,255,255,255,255,192,132,201,255,255,255,255,255,255,255,234,168,255,255,255,255,255,255,168,132,255,255,255,255,255,255,255,255,255,255,255,255,255,255,255,255,255,255,255,255,255,255,255,
	255,255,255,255,255,255,255,255,255,255,255,255,255,255,255,255,255,255,255,255,255,255,201,201,255,255,255,255,255,234,168,234,255,255,255,255,255,116,101,234,255,255,255,255,255,255,255,234,168,255,255,255,255,255,255,234,145,184,255,255,255,255,255,255,255,255,255,255,255,255,255,255,255,255,255,255,255,255,255,255,
	255,255,255,255,255,255,255,255,255,255,255,255,255,255,255,255,255,255,255,255,255,255,201,201,255,255,255,255,255,255,147,255,255,255,255,255,234,67,121,255,255,255,255,255,255,255,255,234,132,201,255,255,255,255,255,255,201,168,255,255,255,255,255,255,255,255,255,255,255,255,255,255,255,255,255,255,255,255,255,255,
	255,255,255,255,255,255,255,255,255,255,255,255,255,255,255,255,255,255,255,255,255,255,201,201,255,255,255,255,255,255,168,201,255,255,255,255,201,132,145,201,255,255,168,201,184,255,255,255,201,158,201,255,255,255,255,158,158,255,255,255,255,255,255,255,255,255,255,255,255,255,255,255,255,255,255,255,255,255,255,255,
	255,255,255,255,255,255,255,255,255,255,255,255,255,255,255,255,255,255,255,255,255,255,255,201,201,201,168,234,255,255,234,201,255,255,255,255,255,168,234,255,168,201,106,201,104,184,255,255,255,201,201,255,255,255,168,184,255,255,255,255,255,255,255,255,255,255,255,255,255,255,255,255,255,255,255,255,255,255,255,255,
	255,255,255,255,255,255,255,255,255,255,255,255,255,255,255,255,255,255,255,255,255,255,255,201,201,201,168,234,255,255,255,255,255,255,255,201,158,168,234,255,234,255,255,255,255,168,147,255,255,255,255,255,255,255,168,234,255,255,255,255,255,255,255,255,255,255,255,255,255,255,255,255,255,255,255,255,255,255,255,255,
	255,255,255,255,255,255,255,255,255,255,255,255,255,255,255,255,255,255,255,255,255,255,255,255,255,255,168,234,255,255,255,255,255,255,255,201,158,255,255,255,255,255,255,255,201,201,201,201,255,255,255,255,255,255,168,234,255,255,255,255,255,255,255,255,255,255,255,255,255,255,255,255,255,255,255,255,255,255,255,255,
	255,255,255,255,255,255,255,255,255,255,255,255,255,255,255,255,255,255,255,255,255,255,255,255,255,255,132,234,255,255,255,255,255,255,116,201,255,255,255,255,255,255,255,168,184,201,255,147,255,255,255,255,255,255,168,234,255,255,255,255,255,255,255,255,255,255,255,255,255,255,255,255,255,255,255,255,255,255,255,255,
	255,255,255,255,255,255,255,255,255,255,255,255,255,255,255,255,255,255,255,255,255,255,255,255,132,135,201,255,255,255,255,255,255,255,147,255,255,255,168,168,168,168,168,168,255,255,255,147,147,147,132,234,255,234,154,234,244,244,255,255,255,255,255,255,255,255,255,255,255,255,255,255,255,255,255,255,255,255,255,255,
	255,255,255,255,255,255,255,255,255,255,255,255,255,255,255,255,255,255,255,255,255,255,255,116,201,255,255,255,255,255,255,201,201,125,158,255,255,255,234,234,234,234,234,234,255,255,255,255,255,255,158,201,255,255,168,168,212,212,255,255,255,255,255,255,255,255,255,255,255,255,255,255,255,255,255,255,255,255,255,255,
	255,255,255,255,255,255,255,255,255,255,255,255,255,255,255,255,255,255,255,255,255,255,255,158,201,255,255,255,255,255,255,201,201,201,255,255,255,255,255,255,255,255,255,255,255,255,255,255,255,255,255,168,234,255,255,255,255,255,255,255,255,255,255,255,255,255,255,255,255,255,255,255,255,255,255,255,255,255,255,255,
	255,255,255,255,255,255,255,255,255,255,255,255,255,255,255,255,255,255,255,255,255,255,255,255,168,234,255,255,255,255,255,168,234,255,255,255,255,255,255,255,255,255,255,255,255,255,158,201,255,255,255,168,135,255,255,255,255,255,255,255,255,255,255,255,255,255,255,255,255,255,255,255,255,255,255,255,255,255,255,255,
	255,255,255,255,255,255,255,255,255,255,255,255,255,255,255,255,255,255,255,255,255,255,255,255,255,255,255,255,255,147,255,168,234,255,255,255,255,255,255,255,255,255,255,255,255,116,201,255,255,255,255,255,255,168,255,168,147,168,201,255,255,255,255,255,255,255,255,255,255,255,255,255,255,255,255,255,255,255,255,255,
	255,255,255,255,255,255,255,255,255,255,255,255,255,255,255,255,255,255,255,255,255,255,255,255,255,255,255,255,184,104,158,168,234,255,187,236,255,255,255,255,255,201,234,154,168,201,255,255,255,255,255,255,255,184,116,234,255,234,184,168,255,255,255,255,255,255,255,255,255,255,255,255,255,255,255,255,255,255,255,255,
	255,255,255,255,255,255,255,255,255,255,255,255,255,255,255,255,255,255,255,255,255,255,255,255,255,255,255,255,201,201,201,255,255,255,136,252,255,215,132,168,168,201,147,168,234,255,255,255,255,255,255,255,255,255,255,255,255,255,255,116,201,255,255,255,255,255,255,255,255,255,255,255,255,255,255,255,255,255,255,255,
	255,255,255,255,255,255,255,255,255,255,255,255,255,255,255,255,255,255,255,255,255,255,255,255,255,255,255,255,147,255,255,255,255,255,147,168,168,168,201,234,234,255,255,255,255,255,255,255,255,201,158,201,201,201,255,255,255,255,255,255,158,201,255,255,255,255,255,255,255,255,255,255,255,255,255,255,255,255,255,255,
	255,255,255,255,255,255,255,255,255,255,255,255,255,255,255,255,255,255,255,255,255,255,255,255,255,255,234,168,255,255,255,255,255,255,255,234,234,255,255,255,234,132,168,147,147,147,255,201,234,132,184,201,201,201,255,255,255,255,255,255,201,147,255,255,255,255,255,255,255,255,255,255,255,255,255,255,255,255,255,255,
	255,255,255,255,255,255,255,255,255,255,255,255,255,255,255,255,255,255,255,255,255,255,255,255,255,255,132,201,255,255,255,244,244,255,255,255,255,255,255,255,168,184,234,255,255,255,147,201,168,201,255,255,255,255,255,255,255,255,234,201,234,135,255,255,255,255,255,255,255,255,255,255,255,255,255,255,255,255,255,255,
	255,255,255,255,255,255,255,255,255,255,255,255,255,255,255,255,255,255,255,255,255,255,255,255,255,132,184,255,255,255,255,212,212,168,255,255,255,255,201,158,255,255,255,255,234,201,132,201,255,255,255,255,255,255,255,255,234,168,168,184,82,104,255,255,255,255,255,255,255,255,255,255,255,255,255,255,255,255,255,255,
	255,255,255,255,255,255,255,255,255,255,255,255,255,255,255,255,255,255,255,255,255,255,255,255,255,154,234,255,255,255,255,255,255,234,147,168,201,201,147,201,255,255,255,132,121,158,169,201,168,255,255,255,255,234,201,147,168,234,158,168,95,121,255,255,255,255,255,255,255,255,255,255,255,255,255,255,255,255,255,255,
	255,255,255,255,255,255,255,255,255,255,255,255,255,255,255,255,255,255,255,255,255,255,255,255,255,158,125,145,184,234,234,234,234,234,234,215,145,184,234,234,234,215,121,95,158,145,82,84,53,87,80,102,64,73,87,111,132,121,115,158,54,169,255,255,255,255,255,255,255,255,255,255,255,255,255,255,255,255,255,255,
	255,255,255,255,255,255,255,255,255,255,255,255,255,255,255,255,255,255,255,255,255,255,255,255,255,132,133,95,121,121,101,121,168,168,168,132,121,89,89,76,44,64,60,145,158,132,125,145,105,57,73,64,133,133,133,122,133,121,132,82,125,255,255,255,255,255,255,255,255,255,255,255,255,255,255,255,255,255,255,255,
	255,255,255,255,255,255,255,255,255,255,255,255,255,255,255,255,255,255,255,255,255,255,255,255,255,168,154,168,168,132,154,132,97,97,97,116,168,168,168,201,201,255,168,97,132,168,147,168,201,168,184,201,158,158,158,104,132,168,168,135,255,255,255,255,255,255,255,255,255,255,255,255,255,255,255,255,255,255,255,255,
